image_00000 227 268 244 295
image_00001 227 269 243 293
image_00002 227 266 244 295
image_00003 227 266 243 292
image_00004 227 265 243 293
image_00005 226 265 244 294
image_00006 225 262 244 293
image_00007 226 262 244 291
image_00008 227 263 245 291
image_00009 226 261 246 291
image_00010 224 260 244 294
image_00011 224 260 246 294
image_00012 223 262 246 295
image_00013 224 258 246 297
image_00014 222 260 247 297
image_00015 223 257 246 298
image_00016 221 245 255 299
image_00017 222 244 256 300
image_00018 220 244 253 300
image_00019 221 245 257 302
image_00020 221 248 257 300
image_00021 222 247 259 300
image_00022 220 248 258 301
image_00023 220 245 257 302
image_00024 220 246 260 299
image_00025 219 245 261 301
image_00026 219 245 262 302
image_00027 218 247 261 303
image_00028 221 249 261 301
image_00029 221 243 257 302
image_00030 235 246 261 300
image_00031 233 243 260 304
image_00032 233 240 258 302
image_00033 234 240 258 303
image_00034 233 240 256 302
image_00035 236 239 258 303
image_00036 238 241 258 300
image_00037 239 238 260 302
image_00038 240 239 262 306
image_00039 238 241 259 304
image_00040 237 242 261 303
image_00041 241 243 260 305
image_00042 241 239 270 298
image_00043 239 233 271 303
image_00044 239 236 272 306
image_00045 238 237 273 302
image_00046 237 232 271 298
image_00047 240 238 273 300
image_00048 253 238 271 272
image_00049 252 238 272 274
image_00050 254 239 272 272
image_00051 251 239 274 272
image_00052 251 237 272 270
image_00053 252 241 274 269
image_00054 255 239 271 266
image_00055 253 239 273 269
image_00056 254 240 271 273
image_00057 257 244 272 262
image_00058 257 240 273 264
image_00059 254 242 271 267
image_00060 256 238 271 265
image_00061 253 240 272 265
image_00062 256 238 271 266
image_00063 253 241 269 264
